0.000000000000000000e+00 0.000000000000000000e+00
0.000000000000000000e+00 5.429274563054982405e-02
1.039981920781170854e-01 8.582889123917331053e-03
9.950197725063628096e-02 7.192982933779978882e-02
2.077114743806485753e-01 1.360189762561618554e-02
1.986017901950646314e-01 9.093674522789577108e-02
3.109949405130730260e-01 1.727327755394274245e-02
2.974750068975067219e-01 1.103966515466877768e-01
4.138303829228312525e-01 2.075405755602532931e-02
3.962034956558183052e-01 1.299438042609235289e-01
5.162293008030073294e-01 2.462302429885314392e-02
4.948259496905897392e-01 1.494389715482731806e-01
6.182090360280678709e-01 2.919213091788298853e-02
5.933633505184645607e-01 1.688326437151667081e-01
7.197876452105300693e-01 3.464536272426607666e-02
6.918294175559224213e-01 1.881119330638949538e-01
8.209828395934060108e-01 4.110022652022238265e-02
7.902348809098288518e-01 2.072792278721418135e-01
9.218118333741890380e-01 4.863682401038688097e-02
8.885892901604049987e-01 2.263431524586143329e-01
1.022291394198504566e+00 5.731267580804771944e-02
9.869018051470427322e-01 2.453145690408081447e-01
1.122437928368993809e+00 6.717082494043691288e-02
1.085181546726569746e+00 2.642047631800418239e-01
1.222267561536309444e+00 7.824454241463615900e-02
1.183437749714848941e+00 2.830246192439275221e-01
1.321796207926910993e+00 9.056020295487229865e-02
1.281679824472828910e+00 3.017842594997711680e-01
1.421039629210077759e+00 1.041391186809158820e-01
1.379917375920515887e+00 3.204929036822167232e-01
1.520013485775832729e+00 1.189987490163752215e-01
1.478160203096384517e+00 3.391588324117188469e-01
1.618733383256366842e+00 1.351535198004761018e-01
1.576418290493369900e+00 3.577893968730614938e-01
1.717214916902658262e+00 1.526153866051438990e-01
1.674701796715744928e+00 3.763910456945159244e-01
1.815473716300738616e+00 1.713942228305250781e-01
1.773021043212635428e+00 3.949693541390895679e-01
1.913525492996048794e+00 1.914980813421154893e-01
1.871386504452560606e+00 4.135290479008854048e-01
2.011386093958530630e+00 2.129333586666277978e-01
1.969808800196924503e+00 4.320740175136899008e-01
2.109071564562639001e+00 2.357048774050286288e-01
2.068298690150963459e+00 4.506073214120053239e-01
2.206598226051366574e+00 2.598158921757074413e-01
2.166867071015389445e+00 4.691311770658843638e-01
2.303982774626393226e+00 2.852680146487576174e-01
2.265524975675814456e+00 4.876469411459397607e-01
2.401242412962414807e+00 3.120610417071921772e-01
2.364283573757512080e+00 5.061550823892979611e-01
2.498395031240160158e+00 3.401926542129832809e-01
2.463154171686857907e+00 5.246551566402763989e-01
2.595459466037057350e+00 3.696579265462334174e-01
2.562148207957855028e+00 5.431458066771368554e-01
2.692455886449835134e+00 4.004485374928254959e-01
2.661277233617391769e+00 5.616248402170727072e-01
2.789406398460095637e+00 4.325514756617050427e-01
2.760552854161788972e+00 5.800895147615441338e-01
