0.000000000000000000e+00 0.000000000000000000e+00
0.000000000000000000e+00 9.814590595520487903e-02
1.095219108639079730e-01 2.062579980579709593e-02
1.019939786379716884e-01 1.202030649478624258e-01
2.183287752762926304e-01 3.820118402319055972e-02
2.032863611321611697e-01 1.430391902968687068e-01
3.262710244866830478e-01 5.369370340047999179e-02
3.039454730626149348e-01 1.664634638667826239e-01
4.332627942977741453e-01 6.799028034847831581e-02
4.040318175933796940e-01 1.903374598352552405e-01
5.392690981708121445e-01 8.180122558328092874e-02
5.035923152544978798e-01 2.145905955533153053e-01
6.442871290458083156e-01 9.566137567186912272e-02
6.026628343004656330e-01 2.392031002578762777e-01
7.483325023541856913e-01 1.099661620587626953e-01
7.012722150964774137e-01 2.641859263511088796e-01
8.514310519135368516e-01 1.250092967454865811e-01
7.994454028274763369e-01 2.895661911950069278e-01
9.536143031120468683e-01 1.410122449055591087e-01
8.972054427804204702e-01 3.153782208899517658e-01
1.054917035872329434e+00 1.581451376663737807e-01
9.945746454462370822e-01 3.416584590944541366e-01
1.155375981008504249e+00 1.765411338557906495e-01
1.091575236734712684e+00 3.684427212714024291e-01
1.255029129682170730e+00 1.963062318467841960e-01
1.188229710296900610e+00 3.957647932542434077e-01
1.353915380870699403e+00 2.175260202863579795e-01
1.284561013749087488e+00 4.236557760639333425e-01
1.452074381472594267e+00 2.402703779081099278e-01
1.380592644908728239e+00 4.521438338619269137e-01
1.549546481657559704e+00 2.645967863245820562e-01
1.476348701081954706e+00 4.812541516780387552e-01
1.646372764241609499e+00 2.905526887528725455e-01
1.571853905540218754e+00 5.110089949651277497e-01
1.742595126729571398e+00 3.181771776535728402e-01
1.667133624670400271e+00 5.414278112488579708e-01
1.838256406139639809e+00 3.475021970426719897e-01
1.762213883281613436e+00 5.725273413346438911e-01
1.933400543916698577e+00 3.785533813812952952e-01
1.857121382124284015e+00 6.043217229702335658e-01
2.028072793372499572e+00 4.113506098869884053e-01
1.951883519630273067e+00 6.368225788053165637e-01
2.122319976459443591e+00 4.459083247743101941e-01
2.046528418509627745e+00 6.700390859804569166e-01
2.216190801170220492e+00 4.822356390217658606e-01
2.141084956675772144e+00 7.039780285751112698e-01
2.309736256205276561e+00 5.203362400633865237e-01
2.235582800640802947e+00 7.386438377464771277e-01
2.403010106575598215e+00 5.602080773743645103e-01
2.330052437618659322e+00 7.740386288530761716e-01
2.496069523566427861e+00 6.018428014598093956e-01
2.424525199531479380e+00 8.101622515529228741e-01
2.588975896496807483e+00 6.452248960038451386e-01
2.519033267034942014e+00 8.470123798142270566e-01
2.681795894251417067e+00 6.903304094537455748e-01
2.613609633043722180e+00 8.845846872750419143e-01
2.774602875108244771e+00 7.371251404659009410e-01
2.708287990421789360e+00 9.228731850559370731e-01
