0.000000000000000000e+00 0.000000000000000000e+00
0.000000000000000000e+00 9.689816701817638434e-02
1.186188851081782930e-01 2.839946445814520160e-03
1.132908109912421080e-01 1.133045699269736445e-01
2.354141115898208958e-01 5.440629611934616472e-03
2.252055322312697394e-01 1.290283850851537961e-01
3.504541101033797901e-01 8.103120492926232932e-03
3.357964810854752180e-01 1.441556975051016543e-01
4.638122488862150838e-01 1.104292888812441475e-02
4.451192972606468068e-01 1.587724975473900901e-01
5.755651821318485961e-01 1.442380908119103577e-02
5.532334388450805829e-01 1.729598818760796075e-01
6.857921439569473199e-01 1.837627881804992924e-02
6.602021317688862023e-01 1.867929508683097151e-01
7.945746035427211362e-01 2.300841214595364392e-02
7.660921467136980745e-01 2.003410301329458243e-01
9.019960611855962762e-01 2.841248516722388873e-02
8.709735320248928048e-01 2.136683126556562506e-01
1.008141894852632614e+00 3.466926622989091600e-02
9.749193434316624218e-01 2.268345777656160522e-01
1.113099217437527821e+00 4.185089897595775654e-02
1.078005380148302272e+00 2.398958623883070129e-01
1.216956726303928926e+00 5.002290706841816537e-02
1.180309926409535137e+00 2.529050470846861964e-01
1.319804536472766188e+00 5.924562960230245201e-02
1.281913494642688001e+00 2.659123534535725586e-01
1.421733993635397209e+00 6.957527555043577228e-02
1.382898566418701236e+00 2.789657619677538003e-01
1.522837465759600217e+00 8.106471656769334566e-02
1.483349328191105210e+00 2.921113630498671232e-01
1.623208113553196164e+00 9.376409654012635153e-02
1.583351399912602098e+00 3.053936545372719635e-01
1.722939640964280983e+00 1.077213112454337152e-01
1.682991555638234882e+00 3.188557979127116249e-01
1.822126027443847329e+00 1.229823958480278923e-01
1.782357436074059276e+00 3.325398447667704538e-01
1.920861243955630071e+00 1.395918480572971299e-01
1.881537253660258147e+00 3.464869443476931710e-01
2.019238954697556654e+00 1.575929085775424621e-01
1.980619491149846922e+00 3.607375429852902604e-01
2.117352206162519401e+00 1.770278168139976516e-01
2.079692594711356257e+00 3.753315868643750663e-01
2.215293104436832916e+00 1.979380580625754449e-01
2.178844662272175992e+00 3.903087413774981584e-01
2.313152480385787246e+00 2.203646183774527201e-01
2.278163127002480248e+00 4.057086436373037452e-01
2.411019540400908046e+00 2.443482650903816278e-01
2.377734434291986609e+00 4.215712106431769302e-01
2.508981497339827449e+00 2.699298750374733991e-01
2.477643707868619316e+00 4.379370359009353564e-01
2.607123171591745336e+00 2.971508399562267644e-01
2.577974396010874081e+00 4.548479255806693322e-01
2.705526544830038294e+00 3.260535911202339099e-01
2.678807880361547156e+00 4.723476590272637221e-01
2.804270237180283676e+00 3.566823063424707785e-01
2.780223013741653926e+00 4.904831241962369082e-01
2.903428859164025155e+00 3.890838973399423084e-01
2.882295520073815176e+00 5.093061164963785803e-01
